511 240
512 263
282 263
511 240
511 240
512 263
511 240
512 263
512 263
511 240
512 240
513 263
511 240
513 263
512 263
512 240
512 240
513 263
512 240
513 263
513 263
512 240
512 240
513 263
512 240
513 263
513 263
512 240
512 240
514 263
512 240
514 263
513 263
777 534
777 567
744 534
777 567
744 567
744 534
507 780
507 780
509 757
507 780
508 757
509 757
507 780
507 780
508 757
507 780
508 757
508 757
507 780
507 780
508 757
507 780
508 757
508 757
507 780
506 780
508 757
506 780
507 757
508 757
506 780
506 780
507 757
506 780
507 757
507 757
506 780
277 757
507 757
507 218
511 240
282 263
507 218
508 218
511 240
508 218
511 240
511 240
508 218
508 218
512 240
508 218
512 240
511 240
508 218
509 218
512 240
509 218
512 240
512 240
509 218
509 217
512 240
509 218
512 240
512 240
509 217
509 217
512 240
509 217
512 240
512 240
811 534
811 567
777 534
811 567
777 567
777 534
504 803
504 803
507 780
504 803
507 780
507 780
504 803
504 803
507 780
504 803
507 780
507 780
504 803
503 803
507 780
504 803
507 780
507 780
503 803
503 803
507 780
503 803
506 780
507 780
503 803
502 802
506 780
503 803
506 780
506 780
502 802
277 757
506 780
502 196
507 218
282 263
502 196
502 195
507 218
502 195
508 218
507 218
502 195
503 195
508 218
502 195
508 218
508 218
503 195
503 195
508 218
503 195
509 218
508 218
503 195
503 195
509 217
503 195
509 217
509 218
503 195
503 195
509 217
503 195
509 217
509 217
844 534
844 567
811 534
844 567
811 567
811 534
498 825
498 825
504 803
498 825
504 803
504 803
498 825
498 825
504 803
498 825
504 803
504 803
498 825
497 825
503 803
498 825
503 803
504 803
497 825
497 825
503 803
497 825
503 803
503 803
497 825
496 825
502 802
497 825
502 802
503 803
496 825
277 757
502 802
494 174
502 196
282 263
494 174
494 174
502 196
494 174
502 195
502 196
494 174
495 174
503 195
494 174
503 195
502 195
495 174
495 173
503 195
495 173
503 195
503 195
495 173
495 173
503 195
495 173
503 195
503 195
495 173
495 173
503 195
495 173
503 195
503 195
876 534
876 567
844 534
876 567
844 567
844 534
490 847
490 847
498 825
490 847
498 825
498 825
490 847
490 847
498 825
490 847
498 825
498 825
490 847
490 847
497 825
490 847
497 825
498 825
490 847
489 846
497 825
489 846
497 825
497 825
489 846
489 846
496 825
489 846
496 825
497 825
489 846
277 757
496 825
484 153
494 174
282 263
484 153
484 153
494 174
484 153
494 174
494 174
484 153
485 153
495 174
484 153
495 174
494 174
485 153
485 153
495 174
485 153
495 173
495 174
485 153
485 153
495 173
485 153
495 173
495 173
485 153
485 153
495 173
485 153
495 173
495 173
906 534
906 567
876 534
906 567
876 567
876 534
480 868
480 868
490 847
480 868
490 847
490 847
480 868
480 868
490 847
480 868
490 847
490 847
480 868
480 867
490 847
480 868
490 847
490 847
480 867
479 867
490 847
479 867
489 846
490 847
479 867
479 867
489 846
479 867
489 846
489 846
479 867
277 757
489 846
472 134
484 153
282 263
472 134
472 134
484 153
472 134
484 153
484 153
472 134
473 133
484 153
473 133
485 153
484 153
473 133
473 133
485 153
473 133
485 153
485 153
473 133
473 133
485 153
473 133
485 153
485 153
473 133
473 133
485 153
473 133
485 153
485 153
935 534
935 567
906 534
935 567
906 567
906 534
468 887
468 887
480 868
468 887
480 868
480 868
468 887
468 887
480 868
468 887
480 868
480 868
468 887
468 887
480 867
468 887
480 867
480 868
468 887
467 887
479 867
468 887
479 867
480 867
467 887
467 886
479 867
467 887
479 867
479 867
467 886
277 757
479 867
458 116
472 134
282 263
458 116
458 115
472 134
458 115
472 134
472 134
458 115
459 115
473 133
458 115
473 133
472 134
459 115
459 115
473 133
459 115
473 133
473 133
459 115
459 114
473 133
459 115
473 133
473 133
459 114
459 114
473 133
459 114
473 133
473 133
962 534
962 567
935 534
962 567
935 567
935 534
454 906
454 906
468 887
454 906
468 887
468 887
454 906
454 906
468 887
454 906
468 887
468 887
454 906
454 905
468 887
454 906
468 887
468 887
454 905
453 905
468 887
453 905
467 887
468 887
453 905
453 905
467 886
453 905
467 886
467 887
453 905
277 757
467 886
442 99
458 116
282 263
442 99
443 98
458 116
443 98
458 115
458 116
443 98
443 98
459 115
443 98
459 115
458 115
443 98
443 98
459 115
443 98
459 115
459 115
443 98
444 98
459 114
443 98
459 114
459 115
444 98
444 97
459 114
444 97
459 114
459 114
987 534
987 567
962 534
987 567
962 567
962 534
439 923
439 923
454 906
439 923
454 906
454 906
439 923
438 923
454 906
438 923
454 906
454 906
438 923
438 922
454 905
438 923
454 905
454 906
438 922
438 922
454 905
438 922
453 905
454 905
438 922
437 921
453 905
438 922
453 905
453 905
437 921
277 757
453 905
425 84
442 99
282 263
425 84
425 83
442 99
425 83
443 98
442 99
425 83
426 83
443 98
426 83
443 98
443 98
426 83
426 82
443 98
426 83
443 98
443 98
426 82
426 82
444 98
426 82
444 98
443 98
426 82
426 82
444 98
426 82
444 97
444 98
532 534
532 567
507 534
532 567
507 567
507 534
421 938
421 938
439 923
421 938
439 923
439 923
421 938
421 938
439 923
421 938
438 923
439 923
421 938
421 937
438 923
421 937
438 922
438 923
421 937
420 937
438 922
421 937
438 922
438 922
420 937
420 937
437 921
420 937
437 921
438 922
420 937
277 757
437 921
407 70
425 84
282 263
407 70
407 70
425 84
407 70
425 83
425 84
407 70
407 69
426 83
407 70
426 83
425 83
407 69
407 69
426 83
407 69
426 82
426 83
407 69
407 69
426 82
407 69
426 82
426 82
407 69
408 69
426 82
407 69
426 82
426 82
560 534
560 567
532 534
560 567
532 567
532 534
402 952
402 951
421 938
402 951
421 938
421 938
402 951
402 951
421 938
402 951
421 938
421 938
402 951
402 951
421 937
402 951
421 937
421 938
402 951
402 950
421 937
402 950
420 937
421 937
402 950
401 950
420 937
402 950
420 937
420 937
401 950
277 757
420 937
387 59
407 70
282 263
387 59
387 58
407 70
387 58
407 70
407 70
387 58
387 58
407 69
387 58
407 69
407 70
387 58
387 57
407 69
387 57
407 69
407 69
387 57
387 57
407 69
387 57
407 69
407 69
387 57
388 57
407 69
388 57
408 69
407 69
589 534
589 567
560 534
589 567
560 567
560 534
382 963
382 963
402 951
382 963
402 951
402 952
382 963
382 963
402 951
382 963
402 951
402 951
382 963
382 962
402 951
382 963
402 951
402 951
382 962
382 962
402 951
382 962
402 950
402 951
382 962
382 961
401 950
382 962
401 950
402 950
382 961
277 757
401 950
366 49
387 59
282 263
366 49
366 49
387 59
366 49
387 58
387 59
366 49
366 48
387 58
366 48
387 58
387 58
366 48
366 48
387 57
366 48
387 57
387 58
366 48
366 48
387 57
366 48
387 57
387 57
366 48
366 48
387 57
366 48
388 57
387 57
620 534
620 567
589 534
620 567
589 567
589 534
361 973
361 973
382 963
361 973
382 963
382 963
361 973
361 972
382 963
361 973
382 963
382 963
361 972
361 972
382 963
361 972
382 962
382 963
361 972
361 971
382 962
361 972
382 962
382 962
361 971
361 971
382 961
361 971
382 961
382 962
361 971
277 757
382 961
344 42
366 49
282 263
344 42
344 42
366 49
344 42
366 49
366 49
344 42
344 41
366 49
344 41
366 48
366 49
344 41
344 41
366 48
344 41
366 48
366 48
344 41
345 40
366 48
345 40
366 48
366 48
345 40
345 40
366 48
345 40
366 48
366 48
652 534
652 567
620 534
652 567
620 567
620 534
339 980
339 980
361 973
339 980
361 973
361 973
339 980
339 980
361 972
339 980
361 972
361 973
339 980
339 979
361 972
339 979
361 972
361 972
339 979
339 979
361 971
339 979
361 971
361 972
339 979
339 978
361 971
339 978
361 971
361 971
339 978
277 757
361 971
322 37
344 42
282 263
322 37
322 36
344 42
322 36
344 42
344 42
322 36
322 36
344 42
322 36
344 41
344 42
322 36
322 35
344 41
322 36
344 41
344 41
322 35
322 35
344 41
322 35
345 40
344 41
322 35
322 35
345 40
322 35
345 40
345 40
685 534
685 567
652 534
685 567
652 567
652 534
317 985
317 985
339 980
317 985
339 980
339 980
317 985
317 985
339 980
317 985
339 980
339 980
317 985
317 984
339 980
317 984
339 979
339 980
317 984
317 984
339 979
317 984
339 979
339 979
317 984
317 983
339 978
317 984
339 978
339 979
317 983
277 757
339 978
299 34
322 37
282 263
299 34
299 34
322 37
299 34
322 36
322 37
299 34
299 33
322 36
299 33
322 36
322 36
299 33
299 33
322 35
299 33
322 35
322 36
299 33
299 32
322 35
299 33
322 35
322 35
299 32
299 32
322 35
299 32
322 35
322 35
718 534
718 567
685 534
718 567
685 567
685 534
294 988
294 988
317 985
294 988
317 985
317 985
294 988
294 988
317 985
294 988
317 985
317 985
294 988
294 987
317 985
294 987
317 984
317 985
294 987
294 987
317 984
294 987
317 984
317 984
294 987
294 986
317 983
294 987
317 983
317 984
294 986
277 757
317 983
276 34
299 34
282 263
276 34
276 33
299 34
276 33
299 34
299 34
276 33
276 32
299 33
276 33
299 33
299 34
276 32
276 32
299 33
276 32
299 33
299 33
276 32
276 32
299 32
276 32
299 32
299 33
276 32
276 32
299 32
276 32
299 32
299 32
752 534
752 567
718 534
752 567
718 567
718 534
271 989
271 988
294 988
271 989
294 988
294 988
271 988
271 988
294 988
271 988
294 988
294 988
271 988
271 988
294 987
271 988
294 987
294 988
271 988
271 987
294 987
271 987
294 987
294 987
271 987
271 987
294 987
271 987
294 986
294 987
271 987
277 757
294 986
253 35
276 34
282 263
253 35
253 35
276 33
253 35
276 33
276 34
253 35
253 34
276 32
253 35
276 32
276 33
253 34
253 34
276 32
253 34
276 32
276 32
253 34
253 34
276 32
253 34
276 32
276 32
253 34
253 33
276 32
253 33
276 32
276 32
786 534
786 567
752 534
786 567
752 567
752 534
248 987
248 987
271 988
248 987
271 988
271 989
248 987
248 986
271 988
248 987
271 988
271 988
248 986
248 986
271 988
248 986
271 988
271 988
248 986
248 986
271 988
248 986
271 987
271 988
248 986
248 985
271 987
248 985
271 987
271 987
248 985
277 757
271 987
231 39
253 35
282 263
231 39
230 39
253 35
231 39
253 35
253 35
230 39
230 38
253 34
230 39
253 34
253 35
230 38
230 38
253 34
230 38
253 34
253 34
230 38
230 38
253 34
230 38
253 34
253 34
230 38
230 37
253 34
230 37
253 33
253 34
819 534
819 567
786 534
819 567
786 567
786 534
225 983
225 983
248 987
225 983
248 987
248 987
225 983
225 982
248 986
225 983
248 986
248 987
225 982
225 982
248 986
225 982
248 986
248 986
225 982
225 982
248 986
225 982
248 986
248 986
225 982
226 981
248 986
226 981
248 985
248 986
226 981
277 757
248 985
208 45
231 39
282 263
208 45
208 45
230 39
208 45
230 39
231 39
208 45
208 44
230 39
208 44
230 38
230 39
208 44
208 44
230 38
208 44
230 38
230 38
208 44
208 44
230 38
208 44
230 38
230 38
208 44
208 44
230 37
208 44
230 37
230 38
852 534
852 567
819 534
852 567
819 567
819 534
203 977
203 976
225 983
203 976
225 983
225 983
203 976
203 976
225 983
203 976
225 982
225 983
203 976
203 976
225 982
203 976
225 982
225 982
203 976
203 975
225 982
203 975
225 982
225 982
203 975
203 975
225 982
203 975
226 981
225 982
203 975
277 757
226 981
187 54
208 45
282 263
187 54
187 53
208 45
187 53
208 45
208 45
187 53
187 53
208 44
187 53
208 44
208 45
187 53
187 52
208 44
187 53
208 44
208 44
187 52
186 52
208 44
186 52
208 44
208 44
186 52
186 52
208 44
186 52
208 44
208 44
884 534
884 567
852 534
884 567
852 567
852 534
181 968
181 968
203 977
181 968
203 976
203 977
181 968
181 968
203 976
181 968
203 976
203 976
181 968
182 967
203 976
182 967
203 976
203 976
182 967
182 967
203 976
182 967
203 975
203 976
182 967
182 966
203 975
182 966
203 975
203 975
182 966
277 757
203 975
167 64
187 54
282 263
167 64
166 64
187 53
167 64
187 53
187 54
166 64
166 63
187 53
166 64
187 53
187 53
166 63
166 63
187 52
166 63
187 52
187 53
166 63
166 63
187 52
166 63
186 52
187 52
166 63
166 63
186 52
166 63
186 52
186 52
914 534
914 567
884 534
914 567
884 567
884 534
161 958
161 957
181 968
161 957
181 968
181 968
161 957
161 957
181 968
161 957
181 968
181 968
161 957
161 957
181 968
161 957
182 967
181 968
161 957
161 956
182 967
161 956
182 967
182 967
161 956
162 956
182 967
162 956
182 966
182 967
162 956
277 757
182 966
147 77
167 64
282 263
147 77
147 76
166 64
147 77
166 64
167 64
147 76
147 76
166 64
147 76
166 63
166 64
147 76
147 75
166 63
147 76
166 63
166 63
147 75
146 75
166 63
146 75
166 63
166 63
146 75
146 75
166 63
146 75
166 63
166 63
942 534
942 567
914 534
942 567
914 567
914 534
141 945
141 945
161 958
141 945
161 957
161 958
141 945
142 945
161 957
141 945
161 957
161 957
142 945
142 944
161 957
142 944
161 957
161 957
142 944
142 944
161 956
142 944
161 956
161 957
142 944
142 944
161 956
142 944
162 956
161 956
142 944
277 757
162 956
130 91
147 77
282 263
130 91
129 91
147 77
129 91
147 76
147 77
129 91
129 90
147 76
129 90
147 76
147 76
129 90
129 90
147 75
129 90
147 75
147 76
129 90
128 90
147 75
128 90
146 75
147 75
128 90
128 90
146 75
128 90
146 75
146 75
969 534
969 567
942 534
969 567
942 567
942 534
123 931
123 931
141 945
123 931
141 945
141 945
123 931
124 930
142 945
123 931
142 945
141 945
124 930
124 930
142 945
124 930
142 944
142 945
124 930
124 930
142 944
124 930
142 944
142 944
124 930
125 929
142 944
124 930
142 944
142 944
125 929
277 757
142 944
113 107
130 91
282 263
113 107
113 107
130 91
113 107
129 91
130 91
113 107
112 106
129 90
113 107
129 90
129 91
112 106
112 106
129 90
112 106
129 90
129 90
112 106
112 106
128 90
112 106
128 90
129 90
112 106
112 106
128 90
112 106
128 90
128 90
993 534
993 567
969 534
993 567
969 567
969 534
107 914
107 914
123 931
107 914
123 931
123 931
107 914
107 914
123 931
107 914
124 930
123 931
107 914
107 914
124 930
107 914
124 930
124 930
107 914
108 914
124 930
108 914
124 930
124 930
108 914
108 913
124 930
108 913
125 929
124 930
108 913
277 757
125 929
98 125
113 107
282 263
98 125
98 124
113 107
98 125
113 107
113 107
98 124
98 124
112 106
98 124
112 106
113 107
98 124
97 124
112 106
97 124
112 106
112 106
97 124
97 123
112 106
97 124
112 106
112 106
97 123
97 123
112 106
97 123
112 106
112 106
539 534
539 567
513 534
539 567
513 567
513 534
92 897
92 897
107 914
92 897
107 914
107 914
92 897
92 897
107 914
92 897
107 914
107 914
92 897
93 896
107 914
92 897
107 914
107 914
93 896
93 896
107 914
93 896
108 914
107 914
93 896
93 896
108 914
93 896
108 913
108 914
93 896
277 757
108 913
86 143
98 125
282 263
86 143
85 143
98 125
85 143
98 124
98 125
85 143
85 143
98 124
85 143
98 124
98 124
85 143
84 143
98 124
84 143
97 124
98 124
84 143
84 143
97 124
84 143
97 123
97 124
84 143
84 143
97 123
84 143
97 123
97 123
567 534
567 567
539 534
567 567
539 567
539 534
79 878
79 878
92 897
79 878
92 897
92 897
79 878
79 878
92 897
79 878
92 897
92 897
79 878
80 877
93 896
79 878
93 896
92 897
80 877
80 877
93 896
80 877
93 896
93 896
80 877
80 877
93 896
80 877
93 896
93 896
80 877
277 757
93 896
75 164
86 143
282 263
75 164
74 163
85 143
75 164
85 143
86 143
74 163
74 163
85 143
74 163
85 143
85 143
74 163
73 163
85 143
73 163
84 143
85 143
73 163
73 163
84 143
73 163
84 143
84 143
73 163
73 163
84 143
73 163
84 143
84 143
596 534
596 567
567 534
596 567
567 567
567 534
68 857
68 857
79 878
68 857
79 878
79 878
68 857
68 857
79 878
68 857
79 878
79 878
68 857
69 857
80 877
68 857
80 877
79 878
69 857
69 857
80 877
69 857
80 877
80 877
69 857
69 857
80 877
69 857
80 877
80 877
69 857
277 757
80 877
66 185
75 164
282 263
66 185
65 185
74 163
66 185
74 163
75 164
65 185
65 184
74 163
65 184
74 163
74 163
65 184
64 184
73 163
65 184
73 163
74 163
64 184
64 184
73 163
64 184
73 163
73 163
64 184
64 184
73 163
64 184
73 163
73 163
627 534
627 567
596 534
627 567
596 567
596 534
59 836
59 836
68 857
59 836
68 857
68 857
59 836
59 836
68 857
59 836
68 857
68 857
59 836
60 836
68 857
60 836
69 857
68 857
60 836
60 836
69 857
60 836
69 857
69 857
60 836
61 835
69 857
61 835
69 857
69 857
61 835
277 757
69 857
59 207
66 185
282 263
59 207
58 207
66 185
58 207
65 185
66 185
58 207
58 206
65 184
58 207
65 184
65 185
58 206
57 206
65 184
57 206
64 184
65 184
57 206
57 206
64 184
57 206
64 184
64 184
57 206
57 206
64 184
57 206
64 184
64 184
660 534
660 567
627 534
660 567
627 567
627 534
52 814
52 814
59 836
52 814
59 836
59 836
52 814
52 814
59 836
52 814
59 836
59 836
52 814
53 814
59 836
53 814
60 836
59 836
53 814
53 814
60 836
53 814
60 836
60 836
53 814
54 814
61 835
53 814
61 835
60 836
54 814
277 757
61 835
54 229
59 207
282 263
54 229
54 229
58 207
54 229
58 207
59 207
54 229
53 229
58 206
54 229
58 206
58 207
53 229
53 229
58 206
53 229
57 206
58 206
53 229
53 229
57 206
53 229
57 206
57 206
53 229
52 229
57 206
53 229
57 206
57 206
693 534
693 567
660 534
693 567
660 567
660 534
47 791
48 791
52 814
48 791
52 814
52 814
48 791
48 791
52 814
48 791
52 814
52 814
48 791
48 791
53 814
48 791
53 814
52 814
48 791
49 791
53 814
49 791
53 814
53 814
49 791
49 791
53 814
49 791
54 814
53 814
49 791
277 757
54 814
52 252
54 229
282 263
52 252
51 252
54 229
52 252
54 229
54 229
51 252
51 252
54 229
51 252
53 229
54 229
51 252
51 252
53 229
51 252
53 229
53 229
51 252
50 252
53 229
51 252
53 229
53 229
50 252
50 252
53 229
50 252
52 229
53 229
727 534
727 567
693 534
727 567
693 567
693 534
45 768
45 768
47 791
45 768
48 791
47 791
45 768
46 768
48 791
46 768
48 791
48 791
46 768
46 768
48 791
46 768
48 791
48 791
46 768
46 768
49 791
46 768
49 791
48 791
46 768
47 768
49 791
47 768
49 791
49 791
47 768
277 757
49 791
52 275
52 252
282 263
52 275
51 275
52 252
51 275
51 252
52 252
51 275
51 275
51 252
51 275
51 252
51 252
51 275
51 275
51 252
51 275
51 252
51 252
51 275
50 275
51 252
50 275
50 252
51 252
50 275
50 275
50 252
50 275
50 252
50 252
761 534
761 567
727 534
761 567
727 567
727 534
45 745
45 745
45 768
45 745
45 768
45 768
45 745
46 745
45 768
46 745
46 768
45 768
46 745
46 745
46 768
46 745
46 768
46 768
46 745
46 745
46 768
46 745
46 768
46 768
46 745
47 745
46 768
47 745
47 768
46 768
47 745
277 757
47 768
54 298
52 275
282 263
54 298
54 298
52 275
54 298
51 275
52 275
54 298
53 298
51 275
54 298
51 275
51 275
53 298
53 298
51 275
53 298
51 275
51 275
53 298
53 298
51 275
53 298
50 275
51 275
53 298
52 298
50 275
52 298
50 275
50 275
794 534
794 567
761 534
794 567
761 567
761 534
47 722
48 722
45 745
48 722
45 745
45 745
48 722
48 722
46 745
48 722
46 745
45 745
48 722
48 722
46 745
48 722
46 745
46 745
48 722
49 722
46 745
49 722
46 745
46 745
49 722
49 723
47 745
49 722
47 745
46 745
49 723
277 757
47 745
59 320
54 298
282 263
59 320
58 320
54 298
58 320
54 298
54 298
58 320
58 320
54 298
58 320
53 298
54 298
58 320
57 320
53 298
58 320
53 298
53 298
57 320
57 321
53 298
57 321
53 298
53 298
57 321
57 321
53 298
57 321
52 298
53 298
827 534
827 567
794 534
827 567
794 567
794 534
52 700
52 700
48 722
52 700
48 722
47 722
52 700
52 700
48 722
52 700
48 722
48 722
52 700
53 700
48 722
53 700
48 722
48 722
53 700
53 700
49 722
53 700
49 722
48 722
53 700
54 700
49 723
53 700
49 723
49 722
54 700
277 757
49 723
66 342
59 320
282 263
66 342
65 342
58 320
66 342
58 320
59 320
65 342
65 342
58 320
65 342
58 320
58 320
65 342
64 343
58 320
64 343
57 320
58 320
64 343
64 343
57 321
64 343
57 321
57 320
64 343
64 343
57 321
64 343
57 321
57 321
860 534
860 567
827 534
860 567
827 567
827 534
59 678
59 678
52 700
59 678
52 700
52 700
59 678
59 678
52 700
59 678
52 700
52 700
59 678
60 678
52 700
60 678
53 700
52 700
60 678
60 678
53 700
60 678
53 700
53 700
60 678
61 678
53 700
61 678
54 700
53 700
61 678
277 757
54 700
75 363
66 342
282 263
75 363
74 363
66 342
74 363
65 342
66 342
74 363
74 364
65 342
74 363
65 342
65 342
74 364
73 364
65 342
73 364
64 343
65 342
73 364
73 364
64 343
73 364
64 343
64 343
73 364
73 364
64 343
73 364
64 343
64 343
891 534
891 567
860 534
891 567
860 567
860 534
68 656
68 656
59 678
68 656
59 678
59 678
68 656
68 656
59 678
68 656
59 678
59 678
68 656
69 657
60 678
68 656
60 678
59 678
69 657
69 657
60 678
69 657
60 678
60 678
69 657
69 657
61 678
69 657
61 678
60 678
69 657
277 757
61 678
86 383
75 363
282 263
86 383
85 384
75 363
85 384
74 363
75 363
85 384
85 384
74 363
85 384
74 364
74 363
85 384
84 384
73 364
85 384
73 364
74 364
84 384
84 384
73 364
84 384
73 364
73 364
84 384
84 384
73 364
84 384
73 364
73 364
921 534
921 567
891 534
921 567
891 567
891 534
79 636
79 636
68 656
79 636
68 656
68 656
79 636
79 636
68 656
79 636
68 656
68 656
79 636
80 636
68 656
80 636
69 657
68 656
80 636
80 637
69 657
80 636
69 657
69 657
80 637
80 637
69 657
80 637
69 657
69 657
80 637
277 757
69 657
98 402
86 383
282 263
98 402
98 403
85 384
98 402
85 384
86 383
98 403
98 403
85 384
98 403
85 384
85 384
98 403
97 403
84 384
98 403
84 384
85 384
97 403
97 403
84 384
97 403
84 384
84 384
97 403
97 403
84 384
97 403
84 384
84 384
949 534
949 567
921 534
949 567
921 567
921 534
92 617
92 617
79 636
92 617
79 636
79 636
92 617
92 617
79 636
92 617
79 636
79 636
92 617
93 617
79 636
93 617
80 636
79 636
93 617
93 618
80 637
93 617
80 637
80 636
93 618
93 618
80 637
93 618
80 637
80 637
93 618
277 757
80 637
113 420
98 402
282 263
113 420
113 420
98 402
113 420
98 403
98 402
113 420
112 420
98 403
112 420
98 403
98 403
112 420
112 421
97 403
112 420
97 403
98 403
112 421
112 421
97 403
112 421
97 403
97 403
112 421
112 421
97 403
112 421
97 403
97 403
975 534
975 567
949 534
975 567
949 567
949 534
107 599
107 599
92 617
107 599
92 617
92 617
107 599
107 599
92 617
107 599
92 617
92 617
107 599
107 600
92 617
107 600
93 617
92 617
107 600
108 600
93 618
107 600
93 618
93 617
108 600
108 600
93 618
108 600
93 618
93 618
108 600
277 757
93 618
130 436
113 420
282 263
130 436
129 436
113 420
129 436
113 420
113 420
129 436
129 437
113 420
129 437
112 420
113 420
129 437
129 437
112 420
129 437
112 421
112 420
129 437
128 437
112 421
128 437
112 421
112 421
128 437
128 437
112 421
128 437
112 421
112 421
519 534
519 567
494 534
519 567
494 567
494 534
123 583
123 583
107 599
123 583
107 599
107 599
123 583
124 583
107 599
123 583
107 599
107 599
124 583
124 584
107 599
124 584
107 600
107 599
124 584
124 584
108 600
124 584
108 600
107 600
124 584
125 584
108 600
125 584
108 600
108 600
125 584
277 757
108 600
147 450
130 436
282 263
147 450
147 451
129 436
147 450
129 436
130 436
147 451
147 451
129 436
147 451
129 437
129 436
147 451
147 451
129 437
147 451
129 437
129 437
147 451
146 451
128 437
147 451
128 437
129 437
146 451
146 452
128 437
146 452
128 437
128 437
545 534
545 567
519 534
545 567
519 567
519 534
141 569
141 569
123 583
141 569
123 583
123 583
141 569
142 569
123 583
142 569
124 583
123 583
142 569
142 569
124 584
142 569
124 584
124 583
142 569
142 570
124 584
142 570
124 584
124 584
142 570
142 570
124 584
142 570
125 584
124 584
142 570
277 757
125 584
167 462
147 450
282 263
167 462
166 463
147 450
166 463
147 451
147 450
166 463
166 463
147 451
166 463
147 451
147 451
166 463
166 464
147 451
166 464
147 451
147 451
166 464
166 464
146 451
166 464
146 451
147 451
166 464
166 464
146 451
166 464
146 452
146 451
574 534
574 567
545 534
574 567
545 567
545 534
161 556
161 556
141 569
161 556
141 569
141 569
161 556
161 556
141 569
161 556
142 569
141 569
161 556
161 557
142 569
161 556
142 569
142 569
161 557
161 557
142 569
161 557
142 570
142 569
161 557
162 558
142 570
161 557
142 570
142 570
162 558
277 757
142 570
187 473
167 462
282 263
187 473
187 473
167 462
187 473
166 463
167 462
187 473
187 474
166 463
187 474
166 463
166 463
187 474
187 474
166 463
187 474
166 464
166 463
187 474
186 475
166 464
187 474
166 464
166 464
186 475
186 475
166 464
186 475
166 464
166 464
604 534
604 567
574 534
604 567
574 567
574 534
181 546
181 546
161 556
181 546
161 556
161 556
181 546
181 546
161 556
181 546
161 556
161 556
181 546
182 546
161 557
181 546
161 557
161 556
182 546
182 547
161 557
182 546
161 557
161 557
182 547
182 547
162 558
182 547
162 558
161 557
182 547
277 757
162 558
208 481
187 473
282 263
208 481
208 482
187 473
208 482
187 473
187 473
208 482
208 482
187 473
208 482
187 474
187 473
208 482
208 483
187 474
208 483
187 474
187 474
208 483
208 483
186 475
208 483
186 475
187 474
208 483
208 483
186 475
208 483
186 475
186 475
635 534
635 567
604 534
635 567
604 567
604 534
203 537
203 537
181 546
203 537
181 546
181 546
203 537
203 537
181 546
203 537
181 546
181 546
203 537
203 538
182 546
203 537
182 546
181 546
203 538
203 538
182 547
203 538
182 547
182 546
203 538
203 539
182 547
203 539
182 547
182 547
203 539
277 757
182 547
231 488
208 481
282 263
231 488
230 488
208 481
230 488
208 482
208 481
230 488
230 489
208 482
230 489
208 482
208 482
230 489
230 489
208 482
230 489
208 483
208 482
230 489
230 489
208 483
230 489
208 483
208 483
230 489
230 489
208 483
230 489
208 483
208 483
668 534
668 567
635 534
668 567
635 567
635 534
225 531
225 531
203 537
225 531
203 537
203 537
225 531
225 531
203 537
225 531
203 537
203 537
225 531
225 532
203 538
225 531
203 538
203 537
225 532
225 532
203 538
225 532
203 538
203 538
225 532
226 533
203 539
225 532
203 539
203 538
226 533
277 757
203 539
253 492
231 488
282 263
253 492
253 492
231 488
253 492
230 488
231 488
253 492
253 493
230 488
253 493
230 489
230 488
253 493
253 493
230 489
253 493
230 489
230 489
253 493
253 493
230 489
253 493
230 489
230 489
253 493
253 493
230 489
253 493
230 489
230 489
701 534
701 567
668 534
701 567
668 567
668 534
248 527
248 527
225 531
248 527
225 531
225 531
248 527
248 527
225 531
248 527
225 531
225 531
248 527
248 528
225 531
248 528
225 532
225 531
248 528
248 528
225 532
248 528
225 532
225 532
248 528
248 529
226 533
248 528
226 533
225 532
248 529
277 757
226 533
276 493
253 492
282 263
276 493
276 494
253 492
276 494
253 492
253 492
276 494
276 494
253 492
276 494
253 493
253 492
276 494
276 495
253 493
276 494
253 493
253 493
276 495
276 495
253 493
276 495
253 493
253 493
276 495
276 495
253 493
276 495
253 493
253 493
735 534
735 567
701 534
735 567
701 567
701 534
271 525
271 525
248 527
271 525
248 527
248 527
271 525
271 526
248 527
271 526
248 527
248 527
271 526
271 526
248 527
271 526
248 528
248 527
271 526
271 526
248 528
271 526
248 528
248 528
271 526
271 527
248 529
271 526
248 529
248 528
271 527
277 757
248 529
299 493
276 493
282 263
299 493
299 493
276 493
299 493
276 494
276 493
299 493
299 494
276 494
299 494
276 494
276 494
299 494
299 494
276 495
299 494
276 495
276 494
299 494
299 494
276 495
299 494
276 495
276 495
299 494
299 494
276 495
299 494
276 495
276 495
769 534
769 567
735 534
769 567
735 567
735 534
294 526
294 526
271 525
294 526
271 525
271 525
294 526
294 526
271 526
294 526
271 526
271 525
294 526
294 526
271 526
294 526
271 526
271 526
294 526
294 527
271 526
294 526
271 526
271 526
294 527
294 528
271 526
294 528
271 527
271 526
294 528
277 757
271 527
322 490
299 493
282 263
322 490
322 490
299 493
322 490
299 493
299 493
322 490
322 491
299 494
322 490
299 494
299 493
322 491
322 491
299 494
322 491
299 494
299 494
322 491
322 492
299 494
322 492
299 494
299 494
322 492
322 492
299 494
322 492
299 494
299 494
802 534
802 567
769 534
802 567
769 567
769 534
317 529
317 529
294 526
317 529
294 526
294 526
317 529
317 529
294 526
317 529
294 526
294 526
317 529
317 529
294 526
317 529
294 526
294 526
317 529
317 530
294 526
317 530
294 527
294 526
317 530
317 530
294 527
317 530
294 528
294 527
317 530
277 757
294 528
344 485
322 490
282 263
344 485
344 485
322 490
344 485
322 490
322 490
344 485
344 486
322 491
344 485
322 491
322 490
344 486
344 486
322 491
344 486
322 491
322 491
344 486
345 486
322 492
344 486
322 492
322 491
345 486
345 486
322 492
345 486
322 492
322 492
835 534
835 567
802 534
835 567
802 567
802 534
339 534
339 534
317 529
339 534
317 529
317 529
339 534
339 534
317 529
339 534
317 529
317 529
339 534
339 534
317 529
339 534
317 529
317 529
339 534
339 535
317 529
339 535
317 530
317 529
339 535
339 536
317 530
339 536
317 530
317 530
339 536
277 757
317 530
366 477
344 485
282 263
366 477
366 478
344 485
366 478
344 485
344 485
366 478
366 478
344 486
366 478
344 486
344 485
366 478
366 479
344 486
366 479
344 486
344 486
366 479
366 479
345 486
366 479
345 486
344 486
366 479
366 479
345 486
366 479
345 486
345 486
868 534
868 567
835 534
868 567
835 567
835 534
361 541
361 541
339 534
361 541
339 534
339 534
361 541
361 541
339 534
361 541
339 534
339 534
361 541
361 542
339 534
361 541
339 534
339 534
361 542
361 542
339 534
361 542
339 535
339 534
361 542
361 543
339 536
361 542
339 536
339 535
361 543
277 757
339 536
387 468
366 477
282 263
387 468
387 468
366 478
387 468
366 478
366 477
387 468
387 469
366 478
387 468
366 478
366 478
387 469
387 469
366 478
387 469
366 479
366 478
387 469
387 470
366 479
387 469
366 479
366 479
387 470
388 470
366 479
387 470
366 479
366 479
898 534
898 567
868 534
898 567
868 567
868 534
382 551
382 551
361 541
382 551
361 541
361 541
382 551
382 551
361 541
382 551
361 541
361 541
382 551
382 551
361 542
382 551
361 542
361 541
382 551
382 552
361 542
382 552
361 542
361 542
382 552
382 552
361 542
382 552
361 543
361 542
382 552
277 757
361 543
407 457
387 468
282 263
407 457
407 457
387 468
407 457
387 468
387 468
407 457
407 457
387 468
407 457
387 469
387 468
407 457
407 458
387 469
407 457
387 469
387 469
407 458
407 458
387 469
407 458
387 470
387 469
407 458
408 458
388 470
407 458
388 470
387 470
928 534
928 567
898 534
928 567
898 567
898 534
402 562
402 562
382 551
402 562
382 551
382 551
402 562
402 562
382 551
402 562
382 551
382 551
402 562
402 563
382 551
402 563
382 551
382 551
402 563
402 563
382 552
402 563
382 552
382 551
402 563
401 564
382 552
401 564
382 552
382 552
401 564
277 757
382 552
425 443
407 457
282 263
425 443
425 444
407 457
425 443
407 457
407 457
425 444
426 444
407 457
426 444
407 457
407 457
426 444
426 444
407 458
426 444
407 458
407 457
426 444
426 445
407 458
426 445
407 458
407 458
426 445
426 445
407 458
426 445
408 458
407 458
955 534
955 567
928 534
955 567
928 567
928 534
421 576
421 576
402 562
421 576
402 562
402 562
421 576
421 576
402 562
421 576
402 562
402 562
421 576
421 576
402 562
421 576
402 563
402 562
421 576
420 577
402 563
421 576
402 563
402 563
420 577
420 577
402 563
420 577
401 564
402 563
420 577
277 757
401 564
442 428
425 443
282 263
442 428
443 428
425 444
442 428
425 444
425 443
443 428
443 429
426 444
443 428
426 444
425 444
443 429
443 429
426 444
443 429
426 444
426 444
443 429
444 429
426 444
444 429
426 445
426 444
444 429
444 429
426 445
444 429
426 445
426 445
981 534
981 567
955 534
981 567
955 567
955 534
439 591
439 591
421 576
439 591
421 576
421 576
439 591
438 591
421 576
439 591
421 576
421 576
438 591
438 591
421 576
438 591
421 576
421 576
438 591
438 592
421 576
438 592
420 577
421 576
438 592
437 592
420 577
437 592
420 577
420 577
437 592
277 757
420 577
458 411
442 428
282 263
458 411
458 412
443 428
458 411
443 428
442 428
458 412
459 412
443 428
459 412
443 429
443 428
459 412
459 412
443 429
459 412
443 429
443 429
459 412
459 412
443 429
459 412
444 429
443 429
459 412
459 412
444 429
459 412
444 429
444 429
525 534
525 567
501 534
525 567
501 567
501 534
454 608
454 608
439 591
454 608
439 591
439 591
454 608
454 608
438 591
454 608
438 591
439 591
454 608
454 608
438 591
454 608
438 591
438 591
454 608
453 609
438 592
454 608
438 592
438 591
453 609
453 609
438 592
453 609
437 592
438 592
453 609
277 757
437 592
472 393
458 411
282 263
472 393
472 393
458 412
472 393
458 412
458 411
472 393
473 394
458 412
473 394
459 412
458 412
473 394
473 394
459 412
473 394
459 412
459 412
473 394
473 394
459 412
473 394
459 412
459 412
473 394
473 394
459 412
473 394
459 412
459 412
552 534
552 567
525 534
552 567
525 567
525 534
468 626
468 626
454 608
468 626
454 608
454 608
468 626
468 626
454 608
468 626
454 608
454 608
468 626
468 627
454 608
468 627
454 608
454 608
468 627
467 627
453 609
468 627
453 609
454 608
467 627
467 627
453 609
467 627
453 609
453 609
467 627
277 757
453 609
484 373
472 393
282 263
484 373
484 374
472 393
484 373
472 393
472 393
484 374
485 374
473 394
484 374
473 394
472 393
485 374
485 374
473 394
485 374
473 394
473 394
485 374
485 374
473 394
485 374
473 394
473 394
485 374
485 374
473 394
485 374
473 394
473 394
581 534
581 567
552 534
581 567
552 567
552 534
480 646
480 646
468 626
480 646
468 626
468 626
480 646
480 646
468 626
480 646
468 626
468 626
480 646
480 646
468 626
480 646
468 627
468 626
480 646
479 647
468 627
479 647
467 627
468 627
479 647
479 647
467 627
479 647
467 627
467 627
479 647
277 757
467 627
494 353
484 373
282 263
494 353
494 353
484 374
494 353
484 374
484 373
494 353
495 353
484 374
495 353
485 374
484 374
495 353
495 353
485 374
495 353
485 374
485 374
495 353
495 353
485 374
495 353
485 374
485 374
495 353
495 353
485 374
495 353
485 374
485 374
612 534
612 567
581 534
612 567
581 567
581 534
490 667
490 667
480 646
490 667
480 646
480 646
490 667
490 667
480 646
490 667
480 646
480 646
490 667
490 667
480 646
490 667
480 646
480 646
490 667
489 667
479 647
490 667
479 647
480 646
489 667
489 668
479 647
489 668
479 647
479 647
489 668
277 757
479 647
502 331
494 353
282 263
502 331
502 331
494 353
502 331
494 353
494 353
502 331
503 331
494 353
503 331
495 353
494 353
503 331
503 332
495 353
503 331
495 353
495 353
503 332
503 332
495 353
503 332
495 353
495 353
503 332
503 332
495 353
503 332
495 353
495 353
644 534
644 567
612 534
644 567
612 567
612 534
498 689
498 689
490 667
498 689
490 667
490 667
498 689
498 689
490 667
498 689
490 667
490 667
498 689
497 689
490 667
497 689
490 667
490 667
497 689
497 689
489 667
497 689
489 667
490 667
497 689
496 689
489 667
496 689
489 668
489 667
496 689
277 757
489 668
507 309
502 331
282 263
507 309
508 309
502 331
507 309
502 331
502 331
508 309
508 309
502 331
508 309
503 331
502 331
508 309
509 309
503 332
508 309
503 332
503 331
509 309
509 309
503 332
509 309
503 332
503 332
509 309
509 309
503 332
509 309
503 332
503 332
676 534
676 567
644 534
676 567
644 567
644 534
504 711
504 711
498 689
504 711
498 689
498 689
504 711
504 711
498 689
504 711
498 689
498 689
504 711
503 711
498 689
503 711
497 689
498 689
503 711
503 711
497 689
503 711
497 689
497 689
503 711
502 711
497 689
502 711
496 689
497 689
502 711
277 757
496 689
511 286
507 309
282 263
511 286
511 286
508 309
511 286
508 309
507 309
511 286
512 286
508 309
512 286
508 309
508 309
512 286
512 286
509 309
512 286
509 309
508 309
512 286
512 286
509 309
512 286
509 309
509 309
512 286
512 286
509 309
512 286
509 309
509 309
710 534
710 567
676 534
710 567
676 567
676 534
507 734
507 734
504 711
507 734
504 711
504 711
507 734
507 734
504 711
507 734
504 711
504 711
507 734
507 734
504 711
507 734
503 711
504 711
507 734
506 734
503 711
507 734
503 711
503 711
506 734
506 734
503 711
506 734
502 711
503 711
506 734
277 757
502 711
512 263
511 286
282 263
512 263
512 263
511 286
512 263
511 286
511 286
512 263
513 263
511 286
513 263
512 286
511 286
513 263
513 263
512 286
513 263
512 286
512 286
513 263
513 263
512 286
513 263
512 286
512 286
513 263
514 263
512 286
514 263
512 286
512 286
744 534
744 567
710 534
744 567
710 567
710 534
509 757
508 757
507 734
509 757
507 734
507 734
508 757
508 757
507 734
508 757
507 734
507 734
508 757
508 757
507 734
508 757
507 734
507 734
508 757
507 757
506 734
508 757
506 734
507 734
507 757
507 757
506 734
507 757
506 734
506 734
507 757
277 757
506 734
